HMMER3/f [3.1b1 | May 2013]
NAME  testAlign
LENG  20
MAXL  83
ALPH  DNA
RF    no
MM    no
CONS  yes
CS    no
MAP   yes
DATE  Mon Jan  5 21:28:55 2015
NSEQ  5
EFFN  5.000000
CKSUM 468316054
STATS LOCAL MSV       -6.3302  0.77137
STATS LOCAL VITERBI   -7.2143  0.77137
STATS LOCAL FORWARD   -2.5455  0.77137
HMM          A        C        G        T        
            m->m     m->i     m->d     i->m     i->i     d->m     d->d
  COMPO   1.17919  1.41443  1.57247  1.41932
          1.38629  1.38629  1.38629  1.38629
          0.02817  4.27667  4.27667  1.46634  0.26236  0.00000  *
      1   4.09431  4.09431  4.09431  0.05129  1  t  -  -  -
          1.38629  1.38629  1.38629  1.38629
          0.02817  4.27667  4.27667  1.46634  0.26236  1.09861  0.40547
      2   4.09438  4.09438  4.09438  0.05129  2  t  -  -  -
          1.38629  1.38629  1.38629  1.38629
          0.02817  4.27667  4.27667  1.46634  0.26236  1.09861  0.40547
      3   4.09432  4.09432  0.05129  4.09432  3  g  -  -  -
          1.38629  1.38629  1.38629  1.38629
          0.02817  4.27667  4.27667  1.46634  0.26236  1.09861  0.40547
      4   4.09431  0.05129  4.09431  4.09431  4  c  -  -  -
          1.38629  1.38629  1.38629  1.38629
          0.02817  4.27667  4.27667  1.46634  0.26236  1.09861  0.40547
      5   0.05129  4.09438  4.09438  4.09438  5  A  -  -  -
          1.38629  1.38629  1.38629  1.38629
          0.02817  4.27667  4.27667  1.46634  0.26236  1.09861  0.40547
      6   0.05129  4.09437  4.09437  4.09437  6  a  -  -  -
          1.38629  1.38629  1.38629  1.38629
          0.02817  4.27667  4.27667  1.46634  0.26236  1.09861  0.40547
      7   4.09439  4.09439  4.09439  0.05129  7  t  -  -  -
          1.38629  1.38629  1.38629  1.38629
          0.02817  4.27667  4.27667  1.46634  0.26236  1.09861  0.40547
      8   0.05129  4.09438  4.09438  4.09438  8  A  -  -  -
          1.38629  1.38629  1.38629  1.38629
          0.02817  4.27667  4.27667  1.46634  0.26236  1.09861  0.40547
      9   4.09431  0.05129  4.09431  4.09431  9  c  -  -  -
          1.38629  1.38629  1.38629  1.38629
          0.02817  4.27667  4.27667  1.46634  0.26236  1.09861  0.40547
     10   0.05129  4.09438  4.09438  4.09438  10  A  -  -  -
          1.38629  1.38629  1.38629  1.38629
          0.02817  4.27667  4.27667  1.46634  0.26236  1.09861  0.40547
     11   4.09438  0.05129  4.09438  4.09438  11  c  -  -  -
          1.38629  1.38629  1.38629  1.38629
          0.02817  4.27667  4.27667  1.46634  0.26236  1.09861  0.40547
     12   0.05129  4.09436  4.09436  4.09436  12  a  -  -  -
          1.38629  1.38629  1.38629  1.38629
          0.02817  4.27667  4.27667  1.46634  0.26236  1.09861  0.40547
     13   0.05129  4.09436  4.09436  4.09436  13  a  -  -  -
          1.38629  1.38629  1.38629  1.38629
          0.02817  4.27667  4.27667  1.46634  0.26236  1.09861  0.40547
     14   4.0943  4.0943  0.05129  4.0943  14  g  -  -  -
          1.38629  1.38629  1.38629  1.38629
          0.02817  4.27667  4.27667  1.46634  0.26236  1.09861  0.40547
     15   4.0944  4.0944  4.0944  0.05129  15  t  -  -  -
          1.38629  1.38629  1.38629  1.38629
          0.02817  4.27667  4.27667  1.46634  0.26236  1.09861  0.40547
     16   4.09432  4.09432  0.05129  4.09432  16  G  -  -  -
          1.38629  1.38629  1.38629  1.38629
          0.02817  4.27667  4.27667  1.46634  0.26236  1.09861  0.40547
     17   0.05129  4.09439  4.09439  4.09439  17  a  -  -  -
          1.38629  1.38629  1.38629  1.38629
          0.02817  4.27667  4.27667  1.46634  0.26236  1.09861  0.40547
     18   4.09438  4.09438  4.09438  0.05129  18  t  -  -  -
          1.38629  1.38629  1.38629  1.38629
          0.02817  4.27667  4.27667  1.46634  0.26236  1.09861  0.40547
     19   4.09431  0.05129  4.09431  4.09431  19  c  -  -  -
          1.38629  1.38629  1.38629  1.38629
          0.02817  4.27667  4.27667  1.46634  0.26236  1.09861  0.40547
     20   4.0943  4.0943  0.05129  4.0943  20  g  -  -  -
          1.38629  1.38629  1.38629  1.38629
          0.01418  4.26268  *  1.46634  0.26236  0.00000  *
//
